{
 "cells": [
  {
   "cell_type": "markdown",
   "metadata": {},
   "source": [
    "### Load source code"
   ]
  },
  {
   "cell_type": "code",
   "execution_count": 2,
   "metadata": {},
   "outputs": [
    {
     "data": {
      "text/html": [
       "<style>.container { width:100% !important; }</style>"
      ],
      "text/plain": [
       "<IPython.core.display.HTML object>"
      ]
     },
     "metadata": {},
     "output_type": "display_data"
    }
   ],
   "source": [
    "from IPython.core.display import display, HTML\n",
    "display(HTML(\"<style>.container { width:100% !important; }</style>\"))"
   ]
  },
  {
   "cell_type": "code",
   "execution_count": 3,
   "metadata": {},
   "outputs": [],
   "source": [
    "import sys\n",
    "sys.path.append('../')"
   ]
  },
  {
   "cell_type": "code",
   "execution_count": 19,
   "metadata": {},
   "outputs": [],
   "source": [
    "import source.players as pl\n",
    "import source.parsers as parsers\n",
    "import source.game as game\n",
    "import source.player as player\n",
    "import source.environment as environment\n",
    "import source.errors as errors\n",
    "import source.runner as runner\n",
    "import source.util as util\n",
    "import source.players.attackers as attackers\n",
    "import source.players.base_defenders as base_defenders\n",
    "import source.players.defenders as defenders\n",
    "import source.players.holmes as holmes\n",
    "import source.players.sad as sad\n",
    "import source.players.b2bw2w as b2bw2w\n",
    "import source.players.belief_max as bm\n",
    "import source.players.dmd as dmd\n",
    "import source.players.bayesian_approximator\n",
    "\n",
    "import concurrent.futures\n",
    "import pkgutil\n",
    "import logging\n",
    "import sys\n",
    "from source.util import *\n",
    "import numpy as np\n",
    "import pandas as pd\n",
    "from importlib import *\n",
    "import time\n",
    "import os\n",
    "import shutil\n",
    "import re\n",
    "from copy import deepcopy, copy\n",
    "import datetime\n",
    "from contextlib import redirect_stdout\n",
    "from random import shuffle"
   ]
  },
  {
   "cell_type": "code",
   "execution_count": 6,
   "metadata": {},
   "outputs": [],
   "source": [
    "# run once\n",
    "\n",
    "lvl = logging.DEBUG\n",
    "logger = logging.getLogger(\"source\")\n",
    "logger.setLevel(lvl)\n",
    "#ch = logging.StreamHandler(sys.stdout)\n",
    "ch = logging.FileHandler(\"status\", mode='w')\n",
    "ch.setLevel(lvl)\n",
    "#formatter = logging.Formatter('%(asctime)s - %(name)s - %(levelname)s - %(message)s')\n",
    "formatter = logging.Formatter('%(message)s')\n",
    "ch.setFormatter(formatter)\n",
    "logger.addHandler(ch)"
   ]
  },
  {
   "cell_type": "code",
   "execution_count": 7,
   "metadata": {},
   "outputs": [],
   "source": [
    "lvl = logging.WARNING\n",
    "logger.setLevel(lvl)\n",
    "ch.setLevel(lvl)"
   ]
  },
  {
   "cell_type": "code",
   "execution_count": 201,
   "metadata": {},
   "outputs": [
    {
     "data": {
      "text/plain": [
       "<module 'source.players.dmd' from '..\\\\source\\\\players\\\\dmd.py'>"
      ]
     },
     "execution_count": 201,
     "metadata": {},
     "output_type": "execute_result"
    }
   ],
   "source": [
    "# if you change something in the files, don't forget to reload\n",
    "reload(player)\n",
    "reload(base_defenders)\n",
    "reload(attackers)\n",
    "reload(defenders)\n",
    "reload(errors)\n",
    "reload(environment)\n",
    "reload(runner)\n",
    "reload(parsers)\n",
    "reload(game)\n",
    "reload(holmes)\n",
    "reload(sad)\n",
    "reload(b2bw2w)\n",
    "reload(util)\n",
    "reload(bm)\n",
    "reload(dmd)"
   ]
  },
  {
   "cell_type": "markdown",
   "metadata": {},
   "source": [
    "### Set batch path, batch folder need not to already exist"
   ]
  },
  {
   "cell_type": "code",
   "execution_count": 202,
   "metadata": {},
   "outputs": [],
   "source": [
    "experiments_folder = \"../NewExperiments\"\n",
    "exp_subfolder = \"/Full feedback vs MAB\" #insert folder where batch is\n",
    "batch_name = \"fb_vs_sto_4(problematic)\" #insert batch name\n",
    "batch_file = batch_name + \".csv\"\n",
    "batch_path = experiments_folder + exp_subfolder + \"/\" + batch_file"
   ]
  },
  {
   "cell_type": "markdown",
   "metadata": {},
   "source": [
    "### Parsing the csv to generate a batch containing the configurations and running them"
   ]
  },
  {
   "cell_type": "code",
   "execution_count": 203,
   "metadata": {},
   "outputs": [],
   "source": [
    "b = runner.Batch(batch_path, experiments_folder + exp_subfolder)"
   ]
  },
  {
   "cell_type": "code",
   "execution_count": 204,
   "metadata": {},
   "outputs": [],
   "source": [
    "if os.path.isdir(experiments_folder + exp_subfolder + \"/\" + batch_name):\n",
    "    shutil.rmtree(experiments_folder + exp_subfolder + \"/\" + batch_name)\n",
    "b.parse_batch()"
   ]
  },
  {
   "cell_type": "code",
   "execution_count": 205,
   "metadata": {},
   "outputs": [],
   "source": [
    "batches = []\n",
    "batches.append(b)"
   ]
  },
  {
   "cell_type": "code",
   "execution_count": 206,
   "metadata": {},
   "outputs": [],
   "source": [
    "with concurrent.futures.ProcessPoolExecutor(None) as executor:\n",
    "    futures = {}\n",
    "    logger.info(str(datetime.datetime.now()))\n",
    "    for b in batches:\n",
    "        b.run(futures, executor, n=100)"
   ]
  },
  {
   "cell_type": "markdown",
   "metadata": {},
   "source": [
    "### Collecting results of the runs"
   ]
  },
  {
   "cell_type": "code",
   "execution_count": 207,
   "metadata": {},
   "outputs": [],
   "source": [
    "with open('progress', 'w') as f:\n",
    "    with redirect_stdout(f):\n",
    "        for b in batches:\n",
    "            b.collect(futures)\n",
    "            confs = b.configurations\n",
    "            print(b.results_folder_path)\n",
    "            dlist = [{\"name\": c.game.players[0].__class__.name,\n",
    "                      \"avgs\": c.stats[\"exp_regret\"], \n",
    "                      \"lb\": c.stats[\"lb_exp_regret\"],\n",
    "                      \"ub\": c.stats[\"ub_exp_regret\"]}\n",
    "                     for c in confs]\n",
    "            util.plot_dicts(dlist, ylabel=\"$exp\\_reg(t)$\", xlabel=\"$t$\", save=True, show=False, semilog=False,\n",
    "                            path=b.results_folder_path,\n",
    "                            title=confs[0].game.players[0].__class__.name + \" vs \" + confs[0].game.players[1].__class__.name)"
   ]
  },
  {
   "cell_type": "markdown",
   "metadata": {},
   "source": [
    "### Checking everything was fine by running the configuration \"step-by-step\""
   ]
  },
  {
   "cell_type": "code",
   "execution_count": 192,
   "metadata": {},
   "outputs": [],
   "source": [
    "gm = deepcopy(batches[0].configurations[0].game)"
   ]
  },
  {
   "cell_type": "code",
   "execution_count": 193,
   "metadata": {},
   "outputs": [],
   "source": [
    "e = runner.Experiment(gm)"
   ]
  },
  {
   "cell_type": "code",
   "execution_count": 194,
   "metadata": {},
   "outputs": [
    {
     "name": "stdout",
     "output_type": "stream",
     "text": [
      "LAST PAYOFF:  0.9329999999999999\n",
      "{0: (0, 0, 0, 1, 0, 0), 1: [0.1898101898101898, 0.05894105894105893, 0.13486513486513485, 0.045954045954045945, 0.33966033966033965, 0.23076923076923075]}\n",
      "{1: [2], 0: [3]}\n",
      "sto1-0.15-0.116-0.139-0.433-0.014-0.148 with diff loss 0.440839\n",
      "sto1-0.33-0.285-0.27-0.039-0.034-0.042 with diff loss 0.10383399999999987\n",
      "sto1-0.452-0.159-0.005-0.003-0.251-0.13 with diff loss 0.0674229999999999\n",
      "sto1-0.02-0.171-0.292-0.187-0.151-0.179 with diff loss 0.194712\n",
      "sto1-0.237-0.001-0.174-0.054-0.249-0.285 with diff loss 0.08290900000000001\n",
      "sto1-0.4744744744744745-0.0890890890890891-0.11011011011011013-0.1811811811811812-0.13913913913913917-0.006006006006006007 with diff loss 0.22895195195195173\n",
      "sto1-0.2672672672672673-0.2122122122122122-0.07907907907907907-0.12212212212212212-0.06606606606606608-0.25325325325325326 with diff loss 0.17732632632632628\n",
      "sto1-0.177-0.316-0.198-0.099-0.104-0.106 with diff loss 0.14360099999999998\n",
      "sto1-0.046-0.398-0.024-0.334-0.056-0.142 with diff loss 0.35866999999999993\n",
      "sto1-0.020020020020020023-0.19619619619619622-0.4914914914914915-0.18718718718718722-0.06506506506506507-0.04004004004004005 with diff loss 0.19381581581581564\n",
      "sto1-0.188-0.114-0.189-0.246-0.235-0.028 with diff loss 0.25234499999999993\n",
      "sto1-0.07-0.06-0.152-0.497-0.111-0.11 with diff loss 0.47822799999999993\n",
      "sto1-0.006993006993006994-0.1228771228771229-0.1098901098901099-0.6083916083916084-0.025974025974025976-0.1258741258741259 with diff loss 0.5854765234765233\n",
      "sto1-0.27672327672327673-0.10789210789210787-0.35964035964035956-0.2017982017982018-0.043956043956043946-0.009990009990009988 with diff loss 0.23064935064935066\n",
      "sto1-0.1898101898101898-0.05894105894105893-0.13486513486513485-0.045954045954045945-0.33966033966033965-0.23076923076923075 with diff loss 0.0669270729270729\n",
      "sto1-0.377-0.118-0.054-0.153-0.297-0.001 with diff loss 0.1845509999999999\n",
      "sto1-0.1018981018981019-0.15084915084915085-0.17882117882117884-0.25974025974025977-0.18481518481518483-0.12387612387612389 with diff loss 0.2659660339660339\n",
      "sto1-0.1691691691691692-0.20520520520520522-0.036036036036036036-0.38138138138138145-0.11011011011011013-0.09809809809809811 with diff loss 0.3952352352352352\n",
      "sto1-0.6963036963036964-0.15984015984015987-0.02297702297702298-0.07392607392607393-0.03796203796203797-0.008991008991008992 with diff loss 0.16836063936063916\n",
      "sto1-0.231-0.125-0.164-0.055-0.066-0.359 with diff loss 0.10829900000000003\n",
      "CHOSEN:  sto1-0.1898101898101898-0.05894105894105893-0.13486513486513485-0.045954045954045945-0.33966033966033965-0.23076923076923075\n",
      "LOSSES:  {<StochasticAttacker id:1 resources:1>: [0.9329999999999999, 1], <StochasticAttacker id:1 resources:1>: [0, 0], <StochasticAttacker id:1 resources:1>: [0, 0], <StochasticAttacker id:1 resources:1>: [0, 0], <StochasticAttacker id:1 resources:1>: [0, 0], <StochasticAttacker id:1 resources:1>: [0, 0], <StochasticAttacker id:1 resources:1>: [0, 0], <StochasticAttacker id:1 resources:1>: [0, 0], <StochasticAttacker id:1 resources:1>: [0, 0], <StochasticAttacker id:1 resources:1>: [0, 0], <StochasticAttacker id:1 resources:1>: [0, 0], <StochasticAttacker id:1 resources:1>: [0, 0], <StochasticAttacker id:1 resources:1>: [0, 0], <StochasticAttacker id:1 resources:1>: [0, 0], <StochasticAttacker id:1 resources:1>: [0, 0], <StochasticAttacker id:1 resources:1>: [0, 0], <StochasticAttacker id:1 resources:1>: [0, 0], <StochasticAttacker id:1 resources:1>: [0, 0], <StochasticAttacker id:1 resources:1>: [0, 0], <StochasticAttacker id:1 resources:1>: [0, 0]}\n",
      "LAST PAYOFF:  0.809\n",
      "{0: (0, 0, 0, 0, 0, 1), 1: [0.1898101898101898, 0.05894105894105893, 0.13486513486513485, 0.045954045954045945, 0.33966033966033965, 0.23076923076923075]}\n",
      "{1: [0], 0: [5]}\n",
      "sto1-0.15-0.116-0.139-0.433-0.014-0.148 with diff loss 0.4890709999999999\n",
      "sto1-0.33-0.285-0.27-0.039-0.034-0.042 with diff loss 0.12460099999999985\n",
      "sto1-0.452-0.159-0.005-0.003-0.251-0.13 with diff loss 0.2557069999999999\n",
      "sto1-0.02-0.171-0.292-0.187-0.151-0.179 with diff loss 0.25068500000000016\n",
      "sto1-0.237-0.001-0.174-0.054-0.249-0.285 with diff loss 0.24008200000000013\n",
      "sto1-0.4744744744744745-0.0890890890890891-0.11011011011011013-0.1811811811811812-0.13913913913913917-0.006006006006006007 with diff loss 0.31256156156156134\n",
      "sto1-0.2672672672672673-0.2122122122122122-0.07907907907907907-0.12212212212212212-0.06606606606606608-0.25325325325325326 with diff loss 0.18893693693693703\n",
      "sto1-0.177-0.316-0.198-0.099-0.104-0.106 with diff loss 0.17912099999999997\n",
      "sto1-0.046-0.398-0.024-0.334-0.056-0.142 with diff loss 0.36103399999999997\n",
      "sto1-0.020020020020020023-0.19619619619619622-0.4914914914914915-0.18718718718718722-0.06506506506506507-0.04004004004004005 with diff loss 0.2236346346346345\n",
      "sto1-0.188-0.114-0.189-0.246-0.235-0.028 with diff loss 0.39715\n",
      "sto1-0.07-0.06-0.152-0.497-0.111-0.11 with diff loss 0.5070269999999999\n",
      "sto1-0.006993006993006994-0.1228771228771229-0.1098901098901099-0.6083916083916084-0.025974025974025976-0.1258741258741259 with diff loss 0.6307322677322676\n",
      "sto1-0.27672327672327673-0.10789210789210787-0.35964035964035956-0.2017982017982018-0.043956043956043946-0.009990009990009988 with diff loss 0.2572327672327671\n",
      "sto1-0.1898101898101898-0.05894105894105893-0.13486513486513485-0.045954045954045945-0.33966033966033965-0.23076923076923075 with diff loss 0.3045494505494506\n",
      "sto1-0.377-0.118-0.054-0.153-0.297-0.001 with diff loss 0.404069\n",
      "sto1-0.1018981018981019-0.15084915084915085-0.17882117882117884-0.25974025974025977-0.18481518481518483-0.12387612387612389 with diff loss 0.36288711288711284\n",
      "sto1-0.1691691691691692-0.20520520520520522-0.036036036036036036-0.38138138138138145-0.11011011011011013-0.09809809809809811 with diff loss 0.4413303303303303\n",
      "sto1-0.6963036963036964-0.15984015984015987-0.02297702297702298-0.07392607392607393-0.03796203796203797-0.008991008991008992 with diff loss 0.1854665334665332\n",
      "sto1-0.231-0.125-0.164-0.055-0.066-0.359 with diff loss 0.10954900000000012\n",
      "CHOSEN:  sto1-0.231-0.125-0.164-0.055-0.066-0.359\n",
      "LOSSES:  {<StochasticAttacker id:1 resources:1>: [0.9329999999999999, 1], <StochasticAttacker id:1 resources:1>: [0, 0], <StochasticAttacker id:1 resources:1>: [0, 0], <StochasticAttacker id:1 resources:1>: [0, 0], <StochasticAttacker id:1 resources:1>: [0, 0], <StochasticAttacker id:1 resources:1>: [0, 0], <StochasticAttacker id:1 resources:1>: [0, 0], <StochasticAttacker id:1 resources:1>: [0, 0], <StochasticAttacker id:1 resources:1>: [0, 0], <StochasticAttacker id:1 resources:1>: [0, 0], <StochasticAttacker id:1 resources:1>: [0, 0], <StochasticAttacker id:1 resources:1>: [0, 0], <StochasticAttacker id:1 resources:1>: [0, 0], <StochasticAttacker id:1 resources:1>: [0, 0], <StochasticAttacker id:1 resources:1>: [0.809, 1], <StochasticAttacker id:1 resources:1>: [0, 0], <StochasticAttacker id:1 resources:1>: [0, 0], <StochasticAttacker id:1 resources:1>: [0, 0], <StochasticAttacker id:1 resources:1>: [0, 0], <StochasticAttacker id:1 resources:1>: [0, 0]}\n",
      "LAST PAYOFF:  0.0\n",
      "{0: (0, 0, 0, 0, 0, 1), 1: [0.1898101898101898, 0.05894105894105893, 0.13486513486513485, 0.045954045954045945, 0.33966033966033965, 0.23076923076923075]}\n",
      "{1: [5], 0: [5]}\n",
      "sto1-0.15-0.116-0.139-0.433-0.014-0.148 with diff loss 1.230459\n",
      "sto1-0.33-0.285-0.27-0.039-0.034-0.042 with diff loss 0.9510999999999998\n",
      "sto1-0.452-0.159-0.005-0.003-0.251-0.13 with diff loss 1.0100289999999998\n",
      "sto1-0.02-0.171-0.292-0.187-0.151-0.179 with diff loss 0.9957940000000001\n",
      "sto1-0.237-0.001-0.174-0.054-0.249-0.285 with diff loss 0.8877630000000002\n",
      "sto1-0.4744744744744745-0.0890890890890891-0.11011011011011013-0.1811811811811812-0.13913913913913917-0.006006006006006007 with diff loss 1.1698818818818817\n",
      "sto1-0.2672672672672673-0.2122122122122122-0.07907907907907907-0.12212212212212212-0.06606606606606608-0.25325325325325326 with diff loss 0.8296176176176177\n",
      "sto1-0.177-0.316-0.198-0.099-0.104-0.106 with diff loss 0.9622890000000001\n",
      "sto1-0.046-0.398-0.024-0.334-0.056-0.142 with diff loss 1.1032220000000001\n",
      "sto1-0.020020020020020023-0.19619619619619622-0.4914914914914915-0.18718718718718722-0.06506506506506507-0.04004004004004005 with diff loss 1.0915325325325325\n",
      "sto1-0.188-0.114-0.189-0.246-0.235-0.028 with diff loss 1.268527\n",
      "sto1-0.07-0.06-0.152-0.497-0.111-0.11 with diff loss 1.300314\n",
      "sto1-0.006993006993006994-0.1228771228771229-0.1098901098901099-0.6083916083916084-0.025974025974025976-0.1258741258741259 with diff loss 1.4003326673326675\n",
      "sto1-0.27672327672327673-0.10789210789210787-0.35964035964035956-0.2017982017982018-0.043956043956043946-0.009990009990009988 with diff loss 1.127405594405594\n",
      "sto1-0.1898101898101898-0.05894105894105893-0.13486513486513485-0.045954045954045945-0.33966033966033965-0.23076923076923075 with diff loss 1.0086783216783217\n",
      "sto1-0.377-0.118-0.054-0.153-0.297-0.001 with diff loss 1.285517\n",
      "sto1-0.1018981018981019-0.15084915084915085-0.17882117882117884-0.25974025974025977-0.18481518481518483-0.12387612387612389 with diff loss 1.1486783216783216\n",
      "sto1-0.1691691691691692-0.20520520520520522-0.036036036036036036-0.38138138138138145-0.11011011011011013-0.09809809809809811 with diff loss 1.22686986986987\n",
      "sto1-0.6963036963036964-0.15984015984015987-0.02297702297702298-0.07392607392607393-0.03796203796203797-0.008991008991008992 with diff loss 1.0069150849150847\n",
      "sto1-0.231-0.125-0.164-0.055-0.066-0.359 with diff loss 0.6678910000000001\n",
      "CHOSEN:  sto1-0.231-0.125-0.164-0.055-0.066-0.359\n",
      "LOSSES:  {<StochasticAttacker id:1 resources:1>: [0.9329999999999999, 1], <StochasticAttacker id:1 resources:1>: [0, 0], <StochasticAttacker id:1 resources:1>: [0, 0], <StochasticAttacker id:1 resources:1>: [0, 0], <StochasticAttacker id:1 resources:1>: [0, 0], <StochasticAttacker id:1 resources:1>: [0, 0], <StochasticAttacker id:1 resources:1>: [0, 0], <StochasticAttacker id:1 resources:1>: [0, 0], <StochasticAttacker id:1 resources:1>: [0, 0], <StochasticAttacker id:1 resources:1>: [0, 0], <StochasticAttacker id:1 resources:1>: [0, 0], <StochasticAttacker id:1 resources:1>: [0, 0], <StochasticAttacker id:1 resources:1>: [0, 0], <StochasticAttacker id:1 resources:1>: [0, 0], <StochasticAttacker id:1 resources:1>: [0.809, 1], <StochasticAttacker id:1 resources:1>: [0, 0], <StochasticAttacker id:1 resources:1>: [0, 0], <StochasticAttacker id:1 resources:1>: [0, 0], <StochasticAttacker id:1 resources:1>: [0, 0], <StochasticAttacker id:1 resources:1>: [0.0, 1]}\n",
      "LAST PAYOFF:  0.986\n",
      "{0: (0, 0, 0, 0, 0, 1), 1: [0.1898101898101898, 0.05894105894105893, 0.13486513486513485, 0.045954045954045945, 0.33966033966033965, 0.23076923076923075]}\n",
      "{1: [4], 0: [5]}\n",
      "sto1-0.15-0.116-0.139-0.433-0.014-0.148 with diff loss 0.985847\n",
      "sto1-0.33-0.285-0.27-0.039-0.034-0.042 with diff loss 0.7915989999999998\n",
      "sto1-0.452-0.159-0.005-0.003-0.251-0.13 with diff loss 0.778351\n"
     ]
    },
    {
     "name": "stdout",
     "output_type": "stream",
     "text": [
      "sto1-0.02-0.171-0.292-0.187-0.151-0.179 with diff loss 0.754903\n",
      "sto1-0.237-0.001-0.174-0.054-0.249-0.285 with diff loss 0.5494440000000003\n",
      "sto1-0.4744744744744745-0.0890890890890891-0.11011011011011013-0.1811811811811812-0.13913913913913917-0.006006006006006007 with diff loss 1.041202202202202\n",
      "sto1-0.2672672672672673-0.2122122122122122-0.07907907907907907-0.12212212212212212-0.06606606606606608-0.25325325325325326 with diff loss 0.4842982982982983\n",
      "sto1-0.177-0.316-0.198-0.099-0.104-0.106 with diff loss 0.7594570000000002\n",
      "sto1-0.046-0.398-0.024-0.334-0.056-0.142 with diff loss 0.8594100000000003\n",
      "sto1-0.020020020020020023-0.19619619619619622-0.4914914914914915-0.18718718718718722-0.06506506506506507-0.04004004004004005 with diff loss 0.9734304304304304\n",
      "sto1-0.188-0.114-0.189-0.246-0.235-0.028 with diff loss 1.1539039999999998\n",
      "sto1-0.07-0.06-0.152-0.497-0.111-0.11 with diff loss 1.107601\n",
      "sto1-0.006993006993006994-0.1228771228771229-0.1098901098901099-0.6083916083916084-0.025974025974025976-0.1258741258741259 with diff loss 1.1839330669330672\n",
      "sto1-0.27672327672327673-0.10789210789210787-0.35964035964035956-0.2017982017982018-0.043956043956043946-0.009990009990009988 with diff loss 1.0115784215784211\n",
      "sto1-0.1898101898101898-0.05894105894105893-0.13486513486513485-0.045954045954045945-0.33966033966033965-0.23076923076923075 with diff loss 0.7268071928071929\n",
      "sto1-0.377-0.118-0.054-0.153-0.297-0.001 with diff loss 1.180965\n",
      "sto1-0.1018981018981019-0.15084915084915085-0.17882117882117884-0.25974025974025977-0.18481518481518483-0.12387612387612389 with diff loss 0.9484695304695304\n",
      "sto1-0.1691691691691692-0.20520520520520522-0.036036036036036036-0.38138138138138145-0.11011011011011013-0.09809809809809811 with diff loss 1.0264094094094096\n",
      "sto1-0.6963036963036964-0.15984015984015987-0.02297702297702298-0.07392607392607393-0.03796203796203797-0.008991008991008992 with diff loss 0.8423636363636363\n",
      "sto1-0.231-0.125-0.164-0.055-0.066-0.359 with diff loss 0.24023300000000014\n",
      "CHOSEN:  sto1-0.231-0.125-0.164-0.055-0.066-0.359\n",
      "LOSSES:  {<StochasticAttacker id:1 resources:1>: [0.9329999999999999, 1], <StochasticAttacker id:1 resources:1>: [0, 0], <StochasticAttacker id:1 resources:1>: [0, 0], <StochasticAttacker id:1 resources:1>: [0, 0], <StochasticAttacker id:1 resources:1>: [0, 0], <StochasticAttacker id:1 resources:1>: [0, 0], <StochasticAttacker id:1 resources:1>: [0, 0], <StochasticAttacker id:1 resources:1>: [0, 0], <StochasticAttacker id:1 resources:1>: [0, 0], <StochasticAttacker id:1 resources:1>: [0, 0], <StochasticAttacker id:1 resources:1>: [0, 0], <StochasticAttacker id:1 resources:1>: [0, 0], <StochasticAttacker id:1 resources:1>: [0, 0], <StochasticAttacker id:1 resources:1>: [0, 0], <StochasticAttacker id:1 resources:1>: [0.809, 1], <StochasticAttacker id:1 resources:1>: [0, 0], <StochasticAttacker id:1 resources:1>: [0, 0], <StochasticAttacker id:1 resources:1>: [0, 0], <StochasticAttacker id:1 resources:1>: [0, 0], <StochasticAttacker id:1 resources:1>: [0.493, 2]}\n",
      "LAST PAYOFF:  0.875\n",
      "{0: (0, 0, 0, 0, 0, 1), 1: [0.1898101898101898, 0.05894105894105893, 0.13486513486513485, 0.045954045954045945, 0.33966033966033965, 0.23076923076923075]}\n",
      "{1: [3], 0: [5]}\n",
      "sto1-0.15-0.116-0.139-0.433-0.014-0.148 with diff loss 0.8522350000000002\n",
      "sto1-0.33-0.285-0.27-0.039-0.034-0.042 with diff loss 0.7430979999999999\n",
      "sto1-0.452-0.159-0.005-0.003-0.251-0.13 with diff loss 0.6576730000000002\n",
      "sto1-0.02-0.171-0.292-0.187-0.151-0.179 with diff loss 0.625012\n",
      "sto1-0.237-0.001-0.174-0.054-0.249-0.285 with diff loss 0.32212500000000044\n",
      "sto1-0.4744744744744745-0.0890890890890891-0.11011011011011013-0.1811811811811812-0.13913913913913917-0.006006006006006007 with diff loss 1.0235225225225224\n",
      "sto1-0.2672672672672673-0.2122122122122122-0.07907907907907907-0.12212212212212212-0.06606606606606608-0.25325325325325326 with diff loss 0.24997897897897903\n",
      "sto1-0.177-0.316-0.198-0.099-0.104-0.106 with diff loss 0.6676250000000004\n",
      "sto1-0.046-0.398-0.024-0.334-0.056-0.142 with diff loss 0.7265980000000006\n",
      "sto1-0.020020020020020023-0.19619619619619622-0.4914914914914915-0.18718718718718722-0.06506506506506507-0.04004004004004005 with diff loss 0.9663283283283285\n",
      "sto1-0.188-0.114-0.189-0.246-0.235-0.028 with diff loss 1.150281\n",
      "sto1-0.07-0.06-0.152-0.497-0.111-0.11 with diff loss 1.0258880000000001\n",
      "sto1-0.006993006993006994-0.1228771228771229-0.1098901098901099-0.6083916083916084-0.025974025974025976-0.1258741258741259 with diff loss 1.078533466533467\n",
      "sto1-0.27672327672327673-0.10789210789210787-0.35964035964035956-0.2017982017982018-0.043956043956043946-0.009990009990009988 with diff loss 1.0067512487512484\n",
      "sto1-0.1898101898101898-0.05894105894105893-0.13486513486513485-0.045954045954045945-0.33966033966033965-0.23076923076923075 with diff loss 0.5559360639360641\n",
      "sto1-0.377-0.118-0.054-0.153-0.297-0.001 with diff loss 1.1874130000000003\n",
      "sto1-0.1018981018981019-0.15084915084915085-0.17882117882117884-0.25974025974025977-0.18481518481518483-0.12387612387612389 with diff loss 0.8592607392607393\n",
      "sto1-0.1691691691691692-0.20520520520520522-0.036036036036036036-0.38138138138138145-0.11011011011011013-0.09809809809809811 with diff loss 0.9369489489489492\n",
      "sto1-0.6963036963036964-0.15984015984015987-0.02297702297702298-0.07392607392607393-0.03796203796203797-0.008991008991008992 with diff loss 0.788812187812188\n",
      "sto1-0.231-0.125-0.164-0.055-0.066-0.359 with diff loss 0.295523\n",
      "CHOSEN:  sto1-0.2672672672672673-0.2122122122122122-0.07907907907907907-0.12212212212212212-0.06606606606606608-0.25325325325325326\n",
      "LOSSES:  {<StochasticAttacker id:1 resources:1>: [0.9329999999999999, 1], <StochasticAttacker id:1 resources:1>: [0, 0], <StochasticAttacker id:1 resources:1>: [0, 0], <StochasticAttacker id:1 resources:1>: [0, 0], <StochasticAttacker id:1 resources:1>: [0, 0], <StochasticAttacker id:1 resources:1>: [0, 0], <StochasticAttacker id:1 resources:1>: [0, 0], <StochasticAttacker id:1 resources:1>: [0, 0], <StochasticAttacker id:1 resources:1>: [0, 0], <StochasticAttacker id:1 resources:1>: [0, 0], <StochasticAttacker id:1 resources:1>: [0, 0], <StochasticAttacker id:1 resources:1>: [0, 0], <StochasticAttacker id:1 resources:1>: [0, 0], <StochasticAttacker id:1 resources:1>: [0, 0], <StochasticAttacker id:1 resources:1>: [0.809, 1], <StochasticAttacker id:1 resources:1>: [0, 0], <StochasticAttacker id:1 resources:1>: [0, 0], <StochasticAttacker id:1 resources:1>: [0, 0], <StochasticAttacker id:1 resources:1>: [0, 0], <StochasticAttacker id:1 resources:1>: [0.6203333333333333, 3]}\n",
      "LAST PAYOFF:  0.0\n",
      "{0: (0, 0, 0, 0, 0, 1), 1: [0.1898101898101898, 0.05894105894105893, 0.13486513486513485, 0.045954045954045945, 0.33966033966033965, 0.23076923076923075]}\n",
      "{1: [5], 0: [5]}\n",
      "sto1-0.15-0.116-0.139-0.433-0.014-0.148 with diff loss 1.5936230000000005\n",
      "sto1-0.33-0.285-0.27-0.039-0.034-0.042 with diff loss 1.569597\n",
      "sto1-0.452-0.159-0.005-0.003-0.251-0.13 with diff loss 1.4119950000000001\n",
      "sto1-0.02-0.171-0.292-0.187-0.151-0.179 with diff loss 1.370121\n",
      "sto1-0.237-0.001-0.174-0.054-0.249-0.285 with diff loss 0.9698060000000005\n",
      "sto1-0.4744744744744745-0.0890890890890891-0.11011011011011013-0.1811811811811812-0.13913913913913917-0.006006006006006007 with diff loss 1.8808428428428425\n",
      "sto1-0.2672672672672673-0.2122122122122122-0.07907907907907907-0.12212212212212212-0.06606606606606608-0.25325325325325326 with diff loss 0.8906596596596597\n",
      "sto1-0.177-0.316-0.198-0.099-0.104-0.106 with diff loss 1.4507930000000004\n",
      "sto1-0.046-0.398-0.024-0.334-0.056-0.142 with diff loss 1.4687860000000008\n",
      "sto1-0.020020020020020023-0.19619619619619622-0.4914914914914915-0.18718718718718722-0.06506506506506507-0.04004004004004005 with diff loss 1.8342262262262263\n",
      "sto1-0.188-0.114-0.189-0.246-0.235-0.028 with diff loss 2.021658\n",
      "sto1-0.07-0.06-0.152-0.497-0.111-0.11 with diff loss 1.8191750000000004\n",
      "sto1-0.006993006993006994-0.1228771228771229-0.1098901098901099-0.6083916083916084-0.025974025974025976-0.1258741258741259 with diff loss 1.8481338661338667\n",
      "sto1-0.27672327672327673-0.10789210789210787-0.35964035964035956-0.2017982017982018-0.043956043956043946-0.009990009990009988 with diff loss 1.8769240759240757\n",
      "sto1-0.1898101898101898-0.05894105894105893-0.13486513486513485-0.045954045954045945-0.33966033966033965-0.23076923076923075 with diff loss 1.260064935064935\n",
      "sto1-0.377-0.118-0.054-0.153-0.297-0.001 with diff loss 2.068861\n",
      "sto1-0.1018981018981019-0.15084915084915085-0.17882117882117884-0.25974025974025977-0.18481518481518483-0.12387612387612389 with diff loss 1.645051948051948\n",
      "sto1-0.1691691691691692-0.20520520520520522-0.036036036036036036-0.38138138138138145-0.11011011011011013-0.09809809809809811 with diff loss 1.7224884884884888\n",
      "sto1-0.6963036963036964-0.15984015984015987-0.02297702297702298-0.07392607392607393-0.03796203796203797-0.008991008991008992 with diff loss 1.6102607392607395\n",
      "sto1-0.231-0.125-0.164-0.055-0.066-0.359 with diff loss 0.853865\n",
      "CHOSEN:  sto1-0.231-0.125-0.164-0.055-0.066-0.359\n",
      "LOSSES:  {<StochasticAttacker id:1 resources:1>: [0.9329999999999999, 1], <StochasticAttacker id:1 resources:1>: [0, 0], <StochasticAttacker id:1 resources:1>: [0, 0], <StochasticAttacker id:1 resources:1>: [0, 0], <StochasticAttacker id:1 resources:1>: [0, 0], <StochasticAttacker id:1 resources:1>: [0, 0], <StochasticAttacker id:1 resources:1>: [0.0, 1], <StochasticAttacker id:1 resources:1>: [0, 0], <StochasticAttacker id:1 resources:1>: [0, 0], <StochasticAttacker id:1 resources:1>: [0, 0], <StochasticAttacker id:1 resources:1>: [0, 0], <StochasticAttacker id:1 resources:1>: [0, 0], <StochasticAttacker id:1 resources:1>: [0, 0], <StochasticAttacker id:1 resources:1>: [0, 0], <StochasticAttacker id:1 resources:1>: [0.809, 1], <StochasticAttacker id:1 resources:1>: [0, 0], <StochasticAttacker id:1 resources:1>: [0, 0], <StochasticAttacker id:1 resources:1>: [0, 0], <StochasticAttacker id:1 resources:1>: [0, 0], <StochasticAttacker id:1 resources:1>: [0.6203333333333333, 3]}\n",
      "LAST PAYOFF:  0.986\n",
      "{0: (0, 0, 0, 0, 0, 1), 1: [0.1898101898101898, 0.05894105894105893, 0.13486513486513485, 0.045954045954045945, 0.33966033966033965, 0.23076923076923075]}\n",
      "{1: [4], 0: [5]}\n",
      "sto1-0.15-0.116-0.139-0.433-0.014-0.148 with diff loss 1.3490110000000008\n",
      "sto1-0.33-0.285-0.27-0.039-0.034-0.042 with diff loss 1.4100960000000002\n",
      "sto1-0.452-0.159-0.005-0.003-0.251-0.13 with diff loss 1.1803170000000005\n",
      "sto1-0.02-0.171-0.292-0.187-0.151-0.179 with diff loss 1.1292300000000002\n",
      "sto1-0.237-0.001-0.174-0.054-0.249-0.285 with diff loss 1.1440389999999994\n",
      "sto1-0.4744744744744745-0.0890890890890891-0.11011011011011013-0.1811811811811812-0.13913913913913917-0.006006006006006007 with diff loss 1.7521631631631633\n",
      "sto1-0.2672672672672673-0.2122122122122122-0.07907907907907907-0.12212212212212212-0.06606606606606608-0.25325325325325326 with diff loss 1.1138948948948948\n",
      "sto1-0.177-0.316-0.198-0.099-0.104-0.106 with diff loss 1.247961000000001\n",
      "sto1-0.046-0.398-0.024-0.334-0.056-0.142 with diff loss 1.2249740000000013\n",
      "sto1-0.020020020020020023-0.19619619619619622-0.4914914914914915-0.18718718718718722-0.06506506506506507-0.04004004004004005 with diff loss 1.7161241241241247\n",
      "sto1-0.188-0.114-0.189-0.246-0.235-0.028 with diff loss 1.9070350000000003\n",
      "sto1-0.07-0.06-0.152-0.497-0.111-0.11 with diff loss 1.6264620000000007\n",
      "sto1-0.006993006993006994-0.1228771228771229-0.1098901098901099-0.6083916083916084-0.025974025974025976-0.1258741258741259 with diff loss 1.6317342657342668\n",
      "sto1-0.27672327672327673-0.10789210789210787-0.35964035964035956-0.2017982017982018-0.043956043956043946-0.009990009990009988 with diff loss 1.761096903096903\n",
      "sto1-0.1898101898101898-0.05894105894105893-0.13486513486513485-0.045954045954045945-0.33966033966033965-0.23076923076923075 with diff loss 1.0391628371628367\n",
      "sto1-0.377-0.118-0.054-0.153-0.297-0.001 with diff loss 1.9643090000000005\n",
      "sto1-0.1018981018981019-0.15084915084915085-0.17882117882117884-0.25974025974025977-0.18481518481518483-0.12387612387612389 with diff loss 1.4448431568431572\n",
      "sto1-0.1691691691691692-0.20520520520520522-0.036036036036036036-0.38138138138138145-0.11011011011011013-0.09809809809809811 with diff loss 1.5220280280280287\n",
      "sto1-0.6963036963036964-0.15984015984015987-0.02297702297702298-0.07392607392607393-0.03796203796203797-0.008991008991008992 with diff loss 1.4457092907092914\n",
      "sto1-0.231-0.125-0.164-0.055-0.066-0.359 with diff loss 1.2815229999999995\n",
      "CHOSEN:  sto1-0.1898101898101898-0.05894105894105893-0.13486513486513485-0.045954045954045945-0.33966033966033965-0.23076923076923075\n",
      "LOSSES:  {<StochasticAttacker id:1 resources:1>: [0.9329999999999999, 1], <StochasticAttacker id:1 resources:1>: [0, 0], <StochasticAttacker id:1 resources:1>: [0, 0], <StochasticAttacker id:1 resources:1>: [0, 0], <StochasticAttacker id:1 resources:1>: [0, 0], <StochasticAttacker id:1 resources:1>: [0, 0], <StochasticAttacker id:1 resources:1>: [0.0, 1], <StochasticAttacker id:1 resources:1>: [0, 0], <StochasticAttacker id:1 resources:1>: [0, 0], <StochasticAttacker id:1 resources:1>: [0, 0], <StochasticAttacker id:1 resources:1>: [0, 0], <StochasticAttacker id:1 resources:1>: [0, 0], <StochasticAttacker id:1 resources:1>: [0, 0], <StochasticAttacker id:1 resources:1>: [0, 0], <StochasticAttacker id:1 resources:1>: [0.809, 1], <StochasticAttacker id:1 resources:1>: [0, 0], <StochasticAttacker id:1 resources:1>: [0, 0], <StochasticAttacker id:1 resources:1>: [0, 0], <StochasticAttacker id:1 resources:1>: [0, 0], <StochasticAttacker id:1 resources:1>: [0.7117499999999999, 4]}\n",
      "LAST PAYOFF:  0.9329999999999999\n",
      "{0: (0, 0, 0, 0, 0, 1), 1: [0.1898101898101898, 0.05894105894105893, 0.13486513486513485, 0.045954045954045945, 0.33966033966033965, 0.23076923076923075]}\n",
      "{1: [2], 0: [5]}\n",
      "sto1-0.15-0.116-0.139-0.433-0.014-0.148 with diff loss 1.3283150000000008\n",
      "sto1-0.33-0.285-0.27-0.039-0.034-0.042 with diff loss 1.4717950000000002\n",
      "sto1-0.452-0.159-0.005-0.003-0.251-0.13 with diff loss 1.4926010000000005\n",
      "sto1-0.02-0.171-0.292-0.187-0.151-0.179 with diff loss 1.3092030000000001\n",
      "sto1-0.237-0.001-0.174-0.054-0.249-0.285 with diff loss 1.4252119999999995\n",
      "sto1-0.4744744744744745-0.0890890890890891-0.11011011011011013-0.1811811811811812-0.13913913913913917-0.006006006006006007 with diff loss 1.959772772772773\n",
      "sto1-0.2672672672672673-0.2122122122122122-0.07907907907907907-0.12212212212212212-0.06606606606606608-0.25325325325325326 with diff loss 1.2495055055055053\n",
      "sto1-0.177-0.316-0.198-0.099-0.104-0.106 with diff loss 1.4074810000000006\n",
      "sto1-0.046-0.398-0.024-0.334-0.056-0.142 with diff loss 1.3418820000000011\n",
      "sto1-0.020020020020020023-0.19619619619619622-0.4914914914914915-0.18718718718718722-0.06506506506506507-0.04004004004004005 with diff loss 1.750667667667668\n",
      "sto1-0.188-0.114-0.189-0.246-0.235-0.028 with diff loss 2.17584\n",
      "sto1-0.07-0.06-0.152-0.497-0.111-0.11 with diff loss 1.7792610000000006\n",
      "sto1-0.006993006993006994-0.1228771228771229-0.1098901098901099-0.6083916083916084-0.025974025974025976-0.1258741258741259 with diff loss 1.6199670329670337\n",
      "sto1-0.27672327672327673-0.10789210789210787-0.35964035964035956-0.2017982017982018-0.043956043956043946-0.009990009990009988 with diff loss 1.8053466533466536\n",
      "sto1-0.1898101898101898-0.05894105894105893-0.13486513486513485-0.045954045954045945-0.33966033966033965-0.23076923076923075 with diff loss 1.4007852147852144\n",
      "sto1-0.377-0.118-0.054-0.153-0.297-0.001 with diff loss 2.3078270000000005\n",
      "sto1-0.1018981018981019-0.15084915084915085-0.17882117882117884-0.25974025974025977-0.18481518481518483-0.12387612387612389 with diff loss 1.665764235764236\n",
      "sto1-0.1691691691691692-0.20520520520520522-0.036036036036036036-0.38138138138138145-0.11011011011011013-0.09809809809809811 with diff loss 1.6921231231231237\n",
      "sto1-0.6963036963036964-0.15984015984015987-0.02297702297702298-0.07392607392607393-0.03796203796203797-0.008991008991008992 with diff loss 1.5868151848151855\n",
      "sto1-0.231-0.125-0.164-0.055-0.066-0.359 with diff loss 1.4067729999999996\n",
      "CHOSEN:  sto1-0.2672672672672673-0.2122122122122122-0.07907907907907907-0.12212212212212212-0.06606606606606608-0.25325325325325326\n",
      "LOSSES:  {<StochasticAttacker id:1 resources:1>: [0.9329999999999999, 1], <StochasticAttacker id:1 resources:1>: [0, 0], <StochasticAttacker id:1 resources:1>: [0, 0], <StochasticAttacker id:1 resources:1>: [0, 0], <StochasticAttacker id:1 resources:1>: [0, 0], <StochasticAttacker id:1 resources:1>: [0, 0], <StochasticAttacker id:1 resources:1>: [0.0, 1], <StochasticAttacker id:1 resources:1>: [0, 0], <StochasticAttacker id:1 resources:1>: [0, 0], <StochasticAttacker id:1 resources:1>: [0, 0], <StochasticAttacker id:1 resources:1>: [0, 0], <StochasticAttacker id:1 resources:1>: [0, 0], <StochasticAttacker id:1 resources:1>: [0, 0], <StochasticAttacker id:1 resources:1>: [0, 0], <StochasticAttacker id:1 resources:1>: [0.871, 2], <StochasticAttacker id:1 resources:1>: [0, 0], <StochasticAttacker id:1 resources:1>: [0, 0], <StochasticAttacker id:1 resources:1>: [0, 0], <StochasticAttacker id:1 resources:1>: [0, 0], <StochasticAttacker id:1 resources:1>: [0.7117499999999999, 4]}\n",
      "LAST PAYOFF:  0.986\n",
      "{0: (0, 0, 0, 0, 0, 1), 1: [0.1898101898101898, 0.05894105894105893, 0.13486513486513485, 0.045954045954045945, 0.33966033966033965, 0.23076923076923075]}\n",
      "{1: [4], 0: [5]}\n",
      "sto1-0.15-0.116-0.139-0.433-0.014-0.148 with diff loss 1.0837030000000007\n",
      "sto1-0.33-0.285-0.27-0.039-0.034-0.042 with diff loss 1.312294\n",
      "sto1-0.452-0.159-0.005-0.003-0.251-0.13 with diff loss 1.2609230000000005\n",
      "sto1-0.02-0.171-0.292-0.187-0.151-0.179 with diff loss 1.0683120000000002\n",
      "sto1-0.237-0.001-0.174-0.054-0.249-0.285 with diff loss 1.0868929999999994\n",
      "sto1-0.4744744744744745-0.0890890890890891-0.11011011011011013-0.1811811811811812-0.13913913913913917-0.006006006006006007 with diff loss 1.8310930930930933\n",
      "sto1-0.2672672672672673-0.2122122122122122-0.07907907907907907-0.12212212212212212-0.06606606606606608-0.25325325325325326 with diff loss 0.904186186186186\n",
      "sto1-0.177-0.316-0.198-0.099-0.104-0.106 with diff loss 1.2046490000000007\n",
      "sto1-0.046-0.398-0.024-0.334-0.056-0.142 with diff loss 1.0980700000000012\n",
      "sto1-0.020020020020020023-0.19619619619619622-0.4914914914914915-0.18718718718718722-0.06506506506506507-0.04004004004004005 with diff loss 1.632565565565566\n",
      "sto1-0.188-0.114-0.189-0.246-0.235-0.028 with diff loss 2.061217\n",
      "sto1-0.07-0.06-0.152-0.497-0.111-0.11 with diff loss 1.5865480000000007\n",
      "sto1-0.006993006993006994-0.1228771228771229-0.1098901098901099-0.6083916083916084-0.025974025974025976-0.1258741258741259 with diff loss 1.4035674325674334\n",
      "sto1-0.27672327672327673-0.10789210789210787-0.35964035964035956-0.2017982017982018-0.043956043956043946-0.009990009990009988 with diff loss 1.6895194805194804\n",
      "sto1-0.1898101898101898-0.05894105894105893-0.13486513486513485-0.045954045954045945-0.33966033966033965-0.23076923076923075 with diff loss 1.1189140859140854\n",
      "sto1-0.377-0.118-0.054-0.153-0.297-0.001 with diff loss 2.2032750000000005\n",
      "sto1-0.1018981018981019-0.15084915084915085-0.17882117882117884-0.25974025974025977-0.18481518481518483-0.12387612387612389 with diff loss 1.4655554445554448\n",
      "sto1-0.1691691691691692-0.20520520520520522-0.036036036036036036-0.38138138138138145-0.11011011011011013-0.09809809809809811 with diff loss 1.4916626626626632\n",
      "sto1-0.6963036963036964-0.15984015984015987-0.02297702297702298-0.07392607392607393-0.03796203796203797-0.008991008991008992 with diff loss 1.422263736263737\n",
