{
 "cells": [
  {
   "cell_type": "markdown",
   "metadata": {},
   "source": [
    "# Comparing Expert, MAB, FB and FR algorithms performances"
   ]
  },
  {
   "cell_type": "code",
   "execution_count": 1,
   "metadata": {},
   "outputs": [
    {
     "data": {
      "text/html": [
       "<style>.container { width:100% !important; }</style>"
      ],
      "text/plain": [
       "<IPython.core.display.HTML object>"
      ]
     },
     "metadata": {},
     "output_type": "display_data"
    }
   ],
   "source": [
    "from IPython.core.display import display, HTML\n",
    "display(HTML(\"<style>.container { width:100% !important; }</style>\"))"
   ]
  },
  {
   "cell_type": "code",
   "execution_count": 2,
   "metadata": {},
   "outputs": [],
   "source": [
    "import sys\n",
    "sys.path.append('../')"
   ]
  },
  {
   "cell_type": "code",
   "execution_count": 3,
   "metadata": {},
   "outputs": [],
   "source": [
    "import source.players as pl\n",
    "import source.parsers as parsers\n",
    "import source.game as game\n",
    "import source.player as player\n",
    "import source.environment as environment\n",
    "import source.errors as errors\n",
    "import source.runner as runner\n",
    "import source.util as util\n",
    "import source.players.attackers as attackers\n",
    "import source.players.base_defenders as base_defenders\n",
    "import source.players.defenders as defenders\n",
    "import source.players.holmes as holmes\n",
    "import source.players.sad as sad\n",
    "import source.players.b2bw2w as b2bw2w\n",
    "import source.players.belief_max as bm\n",
    "import source.players.dmd as dmd\n",
    "\n",
    "import concurrent.futures\n",
    "import pkgutil\n",
    "import logging\n",
    "import sys\n",
    "from source.util import *\n",
    "import numpy as np\n",
    "import pandas as pd\n",
    "from importlib import *\n",
    "import time\n",
    "import os\n",
    "import re\n",
    "from copy import deepcopy, copy\n",
    "import datetime\n",
    "from contextlib import redirect_stdout\n",
    "from random import shuffle"
   ]
  },
  {
   "cell_type": "code",
   "execution_count": 4,
   "metadata": {},
   "outputs": [],
   "source": [
    "# run once\n",
    "\n",
    "lvl = logging.DEBUG\n",
    "logger = logging.getLogger(\"source\")\n",
    "logger.setLevel(lvl)\n",
    "#ch = logging.StreamHandler(sys.stdout)\n",
    "ch = logging.FileHandler(\"status\", mode='w')\n",
    "ch.setLevel(lvl)\n",
    "#formatter = logging.Formatter('%(asctime)s - %(name)s - %(levelname)s - %(message)s')\n",
    "formatter = logging.Formatter('%(message)s')\n",
    "ch.setFormatter(formatter)\n",
    "logger.addHandler(ch)"
   ]
  },
  {
   "cell_type": "code",
   "execution_count": 5,
   "metadata": {},
   "outputs": [],
   "source": [
    "lvl = logging.WARNING\n",
    "logger.setLevel(lvl)\n",
    "ch.setLevel(lvl)"
   ]
  },
  {
   "cell_type": "code",
   "execution_count": 6,
   "metadata": {},
   "outputs": [
    {
     "data": {
      "text/plain": [
       "<module 'source.players.dmd' from '..\\\\source\\\\players\\\\dmd.py'>"
      ]
     },
     "execution_count": 6,
     "metadata": {},
     "output_type": "execute_result"
    }
   ],
   "source": [
    "# if you change something in the files, don't forget to reload\n",
    "reload(player)\n",
    "reload(base_defenders)\n",
    "reload(attackers)\n",
    "reload(defenders)\n",
    "reload(errors)\n",
    "reload(environment)\n",
    "reload(runner)\n",
    "reload(parsers)\n",
    "reload(game)\n",
    "reload(holmes)\n",
    "reload(sad)\n",
    "reload(b2bw2w)\n",
    "reload(util)\n",
    "reload(bm)\n",
    "reload(dmd)"
   ]
  },
  {
   "cell_type": "markdown",
   "metadata": {},
   "source": [
    "### Creating configurations to save into a csv file"
   ]
  },
  {
   "cell_type": "code",
   "execution_count": 7,
   "metadata": {},
   "outputs": [
    {
     "name": "stdout",
     "output_type": "stream",
     "text": [
      "((0.783, 0.783), (0.871, 0.871), (0.947, 0.947), (0.942, 0.942), (0.952, 0.952), (0.997, 0.997))\n",
      "[(0.07807807807807808, 0.03803803803803804, 0.03303303303303304, 0.07707707707707709, 0.05605605605605606, 0.7177177177177178), (0.029970029970029965, 0.5064935064935064, 0.07492507492507491, 0.004995004995004994, 0.2807192807192807, 0.10289710289710288), (0.085, 0.27, 0.166, 0.035, 0.333, 0.111), (0.16983016983016982, 0.05694305694305694, 0.10889110889110888, 0.1978021978021978, 0.4325674325674325, 0.03396603396603397), (0.20779220779220775, 0.00899100899100899, 0.08591408591408589, 0.2627372627372627, 0.21478521478521476, 0.21978021978021975), (0.06093906093906094, 0.49350649350649356, 0.26173826173826176, 0.03796203796203797, 0.1398601398601399, 0.005994005994005995), (0.6616616616616616, 0.03603603603603603, 0.17717717717717715, 0.01001001001001001, 0.1051051051051051, 0.01001001001001001), (0.17217217217217218, 0.30630630630630634, 0.06206206206206207, 0.0840840840840841, 0.2902902902902903, 0.0850850850850851), (0.202, 0.134, 0.147, 0.033, 0.036, 0.448), (0.1018981018981019, 0.4505494505494506, 0.08891108891108891, 0.1248751248751249, 0.1048951048951049, 0.1288711288711289)]\n",
      "chosen =  (0.21, 0.054, 0.319, 0.016, 0.143, 0.258)\n"
     ]
    }
   ],
   "source": [
    "time_horizon = 100\n",
    "T = 6\n",
    "#targets = util.gen_targets(T, low=1, high=10)\n",
    "targets = util.gen_tar_with_len(T)\n",
    "values = tuple((v, v) for v in targets)\n",
    "print(values)\n",
    "#obs = gen_observabilities_correlated_with_values(values)\n",
    "#obs = {0: 0.75, 1: 0.75, 2: 0.75, 3: 0.75, 4: 0.75}\n",
    "#obs_vect = [obs.get(i) for i in range(len(targets))]\n",
    "#generating pure strat and some rand mixed strat stochastic attackers\n",
    "distributions = []\n",
    "for i in range(10):\n",
    "    distributions.append(tuple(util.gen_distr(T)))\n",
    "print(distributions)\n",
    "chosen_distr = tuple(util.gen_distr(T))\n",
    "print(\"chosen = \", chosen_distr)"
   ]
  },
  {
   "cell_type": "code",
   "execution_count": 8,
   "metadata": {},
   "outputs": [
    {
     "name": "stdout",
     "output_type": "stream",
     "text": [
      "Real attacker is:  sto1-0.21-0.054-0.319-0.016-0.143-0.258\n"
     ]
    }
   ],
   "source": [
    "g = game.Game(values, time_horizon)\n",
    "g.attackers = [1]\n",
    "g.defenders = [0]\n",
    "d = [dmd.DirichletMultinomialDefender(g, 0)]\n",
    "prof = []\n",
    "for distr in distributions:\n",
    "    prof.append(attackers.StochasticAttacker(g, 1, 1, *distr))\n",
    "for i in range(10):\n",
    "    prof.append(attackers.SUQR(g,1))\n",
    "chosen_a_prof = (attackers.StochasticAttacker(g, 1, 1, *chosen_distr))\n",
    "a = [deepcopy(chosen_a_prof)]\n",
    "prof.append(chosen_a_prof)\n",
    "shuffle(prof)\n",
    "print(\"Real attacker is: \", chosen_a_prof)\n",
    "g.set_players(d, a, prof)"
   ]
  },
  {
   "cell_type": "code",
   "execution_count": 13,
   "metadata": {},
   "outputs": [],
   "source": [
    "def print_header(targets, profiles):\n",
    "    return \"Name,T,\" + \",\".join(str(i) for i in range(len(targets))) + \",Defender,Attacker,\" + \",\".join([\"Profile\" for x in range(len(profiles))]) + \"\\n\" "
   ]
  },
  {
   "cell_type": "code",
   "execution_count": 14,
   "metadata": {},
   "outputs": [],
   "source": [
    "def print_row(targets, time_horizon, d, a, p):\n",
    "    return \",\".join([str(i) for i in ([d+\"_vs_\"+a] + [time_horizon] + targets + [d] + [a] + [x for x in p]) ])+\"\\n\""
   ]
  },
  {
   "cell_type": "code",
   "execution_count": 15,
   "metadata": {},
   "outputs": [
    {
     "data": {
      "text/plain": [
       "'Name,T,0,1,2,3,4,5,Defender,Attacker,Profile,Profile,Profile,Profile,Profile,Profile,Profile,Profile,Profile,Profile,Profile,Profile,Profile,Profile,Profile,Profile,Profile,Profile,Profile,Profile,Profile,Profile,Profile,Profile,Profile,Profile\\n'"
      ]
     },
     "execution_count": 15,
     "metadata": {},
     "output_type": "execute_result"
    }
   ],
   "source": [
    "(print_header(targets, prof))"
   ]
  },
  {
   "cell_type": "code",
   "execution_count": 16,
   "metadata": {},
   "outputs": [],
   "source": [
    "defender =[\"FB1\"]"
   ]
  },
  {
   "cell_type": "code",
   "execution_count": 17,
   "metadata": {},
   "outputs": [],
   "source": [
    "profile_strings = []\n",
    "for p in prof:\n",
    "    profile_strings.append(util.print_adv(p))"
   ]
  },
  {
   "cell_type": "code",
   "execution_count": 7,
   "metadata": {},
   "outputs": [],
   "source": [
    "experiments_folder = \"../NewExperiments\"\n",
    "exp_subfolder = \"/Bayesian vs FB\"\n",
    "batch_name = \"fb\"\n",
    "batch_file = batch_name + \".csv\"\n",
    "batch_path = experiments_folder + exp_subfolder + \"/\" + batch_file"
   ]
  },
  {
   "cell_type": "markdown",
   "metadata": {},
   "source": [
    "### Generating the csv and checking everything is fine"
   ]
  },
  {
   "cell_type": "code",
   "execution_count": 20,
   "metadata": {},
   "outputs": [],
   "source": [
    "with open(batch_path, \"w+\") as f:\n",
    "    f.write(print_header(targets, prof))\n",
    "    f.write(print_row(targets, time_horizon,defender[0],util.print_adv(a[0]),profile_strings))"
   ]
  },
  {
   "cell_type": "code",
   "execution_count": 21,
   "metadata": {},
   "outputs": [
    {
     "data": {
      "text/html": [
       "<div>\n",
       "<style scoped>\n",
       "    .dataframe tbody tr th:only-of-type {\n",
       "        vertical-align: middle;\n",
       "    }\n",
       "\n",
       "    .dataframe tbody tr th {\n",
       "        vertical-align: top;\n",
       "    }\n",
       "\n",
       "    .dataframe thead th {\n",
       "        text-align: right;\n",
       "    }\n",
       "</style>\n",
       "<table border=\"1\" class=\"dataframe\">\n",
       "  <thead>\n",
       "    <tr style=\"text-align: right;\">\n",
       "      <th></th>\n",
       "      <th>Name</th>\n",
       "      <th>T</th>\n",
       "      <th>0</th>\n",
       "      <th>1</th>\n",
       "      <th>2</th>\n",
       "      <th>3</th>\n",
       "      <th>4</th>\n",
       "      <th>5</th>\n",
       "      <th>Defender</th>\n",
       "      <th>Attacker</th>\n",
       "      <th>...</th>\n",
       "      <th>Profile.16</th>\n",
       "      <th>Profile.17</th>\n",
       "      <th>Profile.18</th>\n",
       "      <th>Profile.19</th>\n",
       "      <th>Profile.20</th>\n",
       "      <th>Profile.21</th>\n",
       "      <th>Profile.22</th>\n",
       "      <th>Profile.23</th>\n",
       "      <th>Profile.24</th>\n",
       "      <th>Profile.25</th>\n",
       "    </tr>\n",
       "  </thead>\n",
       "  <tbody>\n",
       "    <tr>\n",
       "      <th>0</th>\n",
       "      <td>DMD1_vs_sto1-0.044-0.046-0.063-0.204-0.159-0.484</td>\n",
       "      <td>100</td>\n",
       "      <td>0.902</td>\n",
       "      <td>0.979</td>\n",
       "      <td>0.848</td>\n",
       "      <td>0.976</td>\n",
       "      <td>0.956</td>\n",
       "      <td>0.912</td>\n",
       "      <td>DMD1</td>\n",
       "      <td>sto1-0.044-0.046-0.063-0.204-0.159-0.484</td>\n",
       "      <td>...</td>\n",
       "      <td>sto1-0.221-0.062-0.137-0.3-0.026-0.254</td>\n",
       "      <td>sto1-0.037-0.016-0.234-0.052-0.06-0.601</td>\n",
       "      <td>sto1-1-0-0-0-0-0</td>\n",
       "      <td>sto1-0.073-0.032-0.459-0.089-0.281-0.066</td>\n",
       "      <td>sto1-0.050050050050050046-0.02302302302302302-...</td>\n",
       "      <td>sto1-0.242-0.182-0.053-0.133-0.192-0.198</td>\n",
       "      <td>sto1-0-0-0-0-0-1</td>\n",
       "      <td>sto1-0.018-0.358-0.066-0.437-0.089-0.032</td>\n",
       "      <td>sto1-0.078-0.43-0.038-0.006-0.218-0.23</td>\n",
       "      <td>sto1-0.6796796796796797-0.10910910910910909-0....</td>\n",
       "    </tr>\n",
       "  </tbody>\n",
       "</table>\n",
       "<p>1 rows × 36 columns</p>\n",
       "</div>"
      ],
      "text/plain": [
       "                                               Name    T      0      1      2  \\\n",
       "0  DMD1_vs_sto1-0.044-0.046-0.063-0.204-0.159-0.484  100  0.902  0.979  0.848   \n",
       "\n",
       "       3      4      5 Defender                                  Attacker  \\\n",
       "0  0.976  0.956  0.912     DMD1  sto1-0.044-0.046-0.063-0.204-0.159-0.484   \n",
       "\n",
       "                         ...                          \\\n",
       "0                        ...                           \n",
       "\n",
       "                               Profile.16  \\\n",
       "0  sto1-0.221-0.062-0.137-0.3-0.026-0.254   \n",
       "\n",
       "                                Profile.17        Profile.18  \\\n",
       "0  sto1-0.037-0.016-0.234-0.052-0.06-0.601  sto1-1-0-0-0-0-0   \n",
       "\n",
       "                                 Profile.19  \\\n",
       "0  sto1-0.073-0.032-0.459-0.089-0.281-0.066   \n",
       "\n",
       "                                          Profile.20  \\\n",
       "0  sto1-0.050050050050050046-0.02302302302302302-...   \n",
       "\n",
       "                                 Profile.21        Profile.22  \\\n",
       "0  sto1-0.242-0.182-0.053-0.133-0.192-0.198  sto1-0-0-0-0-0-1   \n",
       "\n",
       "                                 Profile.23  \\\n",
       "0  sto1-0.018-0.358-0.066-0.437-0.089-0.032   \n",
       "\n",
       "                               Profile.24  \\\n",
       "0  sto1-0.078-0.43-0.038-0.006-0.218-0.23   \n",
       "\n",
       "                                          Profile.25  \n",
       "0  sto1-0.6796796796796797-0.10910910910910909-0....  \n",
       "\n",
       "[1 rows x 36 columns]"
      ]
     },
     "execution_count": 21,
     "metadata": {},
     "output_type": "execute_result"
    }
   ],
   "source": [
    "pd.read_csv(batch_path)"
   ]
  },
  {
   "cell_type": "markdown",
   "metadata": {},
   "source": [
    "### Parsing the csv to generate a batch containing the configurations and running them"
   ]
  },
  {
   "cell_type": "code",
   "execution_count": 8,
   "metadata": {},
   "outputs": [],
   "source": [
    "#os.mkdir(\"../NewExperiments/Exp2/belief_max_obs_vs_no_obs\")"
   ]
  },
  {
   "cell_type": "code",
   "execution_count": 9,
   "metadata": {},
   "outputs": [],
   "source": [
    "b = runner.Batch(batch_path, experiments_folder + exp_subfolder)"
   ]
  },
  {
   "cell_type": "code",
   "execution_count": 10,
   "metadata": {},
   "outputs": [],
   "source": [
    "b.parse_batch()"
   ]
  },
  {
   "cell_type": "code",
   "execution_count": 11,
   "metadata": {},
   "outputs": [],
   "source": [
    "batches = []\n",
    "batches.append(b)"
   ]
  },
  {
   "cell_type": "code",
   "execution_count": 12,
   "metadata": {},
   "outputs": [],
   "source": [
    "with concurrent.futures.ProcessPoolExecutor(None) as executor:\n",
    "    futures = {}\n",
    "    logger.info(str(datetime.datetime.now()))\n",
    "    for b in batches:\n",
    "        b.run(futures, executor, n=2)"
   ]
  },
  {
   "cell_type": "markdown",
   "metadata": {},
   "source": [
    "### Collecting results of the runs"
   ]
  },
  {
   "cell_type": "code",
   "execution_count": 13,
   "metadata": {},
   "outputs": [],
   "source": [
    "with open('progress', 'w') as f:\n",
    "    with redirect_stdout(f):\n",
    "        for b in batches:\n",
    "            b.collect(futures)\n",
    "            confs = b.configurations\n",
    "            print(b.results_folder_path)\n",
    "            dlist = [{\"name\": c.game.players[0].__class__.name,\n",
    "                      \"avgs\": c.stats[\"exp_regret\"], \n",
    "                      \"lb\": c.stats[\"lb_exp_regret\"],\n",
    "                      \"ub\": c.stats[\"ub_exp_regret\"]}\n",
    "                     for c in confs]\n",
    "            util.plot_dicts(dlist, save=True, show=False, semilog=True,\n",
    "                            path=b.results_folder_path,\n",
    "                            title=confs[0].game.players[1].__class__.name)"
   ]
  },
  {
   "cell_type": "markdown",
   "metadata": {},
   "source": [
    "### Checking everything was fine by running the two configurations \"step-by-step\""
   ]
  },
  {
   "cell_type": "code",
   "execution_count": 14,
   "metadata": {},
   "outputs": [],
   "source": [
    "gm = deepcopy(batches[0].configurations[0].game)"
   ]
  },
  {
   "cell_type": "code",
   "execution_count": 15,
   "metadata": {},
   "outputs": [
    {
     "data": {
      "text/plain": [
       "<Game values:[[0.902, 0.902], [0.9790000000000001, 0.9790000000000001], [0.848, 0.848], [0.976, 0.976], [0.956, 0.956], [0.912, 0.912]] players{1: <StochasticAttacker id:1 resources:1>, 0: <DirichletMultinomialDefender id:0 resources:1>} time_horizon:100>"
      ]
     },
     "execution_count": 15,
     "metadata": {},
     "output_type": "execute_result"
    }
   ],
   "source": [
    "gm"
   ]
  },
  {
   "cell_type": "code",
   "execution_count": 16,
   "metadata": {},
   "outputs": [],
   "source": [
    "e = runner.Experiment(gm)"
   ]
  },
  {
   "cell_type": "code",
   "execution_count": 17,
   "metadata": {},
   "outputs": [
    {
     "name": "stdout",
     "output_type": "stream",
     "text": [
      "sto1-0.06693306693306694-0.12687312687312688-0.2667332667332668-0.04695304695304696-0.2577422577422578-0.23476523476523478\n"
     ]
    }
   ],
   "source": [
    "print(gm.players[0].profiles[0])"
   ]
  },
  {
   "cell_type": "code",
   "execution_count": 18,
   "metadata": {},
   "outputs": [
    {
     "name": "stdout",
     "output_type": "stream",
     "text": [
      "[0.16666666666666666, 0.16666666666666666, 0.16666666666666666, 0.16666666666666666, 0.16666666666666666, 0.16666666666666666]\n",
      "sto1-0.06693306693306694-0.12687312687312688-0.2667332667332668-0.04695304695304696-0.2577422577422578-0.23476523476523478 0.20052513258289173\n",
      "sto1-0.4645354645354645-0.042957042957042946-0.049950049950049945-0.043956043956043946-0.10889110889110888-0.28971028971028967 0.4568821491143339\n",
      "sto1-0.1781781781781782-0.3633633633633634-0.0930930930930931-0.04504504504504505-0.08808808808808809-0.23223223223223227 0.22507488381632706\n",
      "sto1-0.018-0.358-0.066-0.437-0.089-0.032 0.6168516507622909\n",
      "sto1-0.04304304304304304-0.050050050050050046-0.27727727727727725-0.06806806806806806-0.3643643643643643-0.1971971971971972 0.3321443212771846\n",
      "sto1-0.6796796796796797-0.10910910910910909-0.027027027027027025-0.050050050050050046-0.09709709709709709-0.03703703703703703 0.6807523473591781\n",
      "sto1-0.347-0.029-0.277-0.04-0.03-0.277 0.5235404000733983\n",
      "sto1-0.281-0.096-0.134-0.295-0.108-0.086 0.1286630530090752\n",
      "sto1-0.242-0.182-0.053-0.133-0.192-0.198 0.09943783346580298\n",
      "sto1-0.044-0.046-0.063-0.204-0.159-0.484 0.3951499998240873\n",
      "sto1-0.073-0.032-0.459-0.089-0.281-0.066 0.415680587237253\n",
      "sto1-0.141-0.006-0.137-0.096-0.246-0.374 0.5069231747125688\n",
      "sto1-0.037-0.016-0.234-0.052-0.06-0.601 0.7354939821573414\n",
      "sto1-0.078-0.43-0.038-0.006-0.218-0.23 0.6705934704134278\n",
      "sto1-0.050050050050050046-0.02302302302302302-0.3973973973973974-0.22922922922922923-0.11711711711711711-0.18318318318318316 0.37552271054751446\n",
      "sto1-0.06-0.304-0.044-0.454-0.136-0.002 0.8960856161067605\n",
      "sto1-0.221-0.062-0.137-0.3-0.026-0.254 0.2919139277395505\n",
      "sto1-0.038-0.683-0.074-0.045-0.131-0.029 0.6964455171775334\n",
      "sto1-0.5785785785785785-0.04804804804804804-0.02402402402402402-0.016016016016016016-0.038038038038038034-0.29529529529529525 0.8639988180481318\n",
      "sto1-0.2152152152152152-0.3973973973973974-0.02102102102102102-0.018018018018018014-0.15915915915915915-0.18918918918918917 0.5149753558014459\n",
      "Best responding to: sto1-0.242-0.182-0.053-0.133-0.192-0.198 , with ent: 0.09943783346580298\n",
      "{0: (0, 1, 0, 0, 0, 0), 1: [0.044, 0.046, 0.063, 0.204, 0.159, 0.484]}\n",
      "{1: [3], 0: [1]}\n",
      "[0.14285714285714285, 0.14285714285714285, 0.14285714285714285, 0.2857142857142857, 0.14285714285714285, 0.14285714285714285]\n",
      "sto1-0.06693306693306694-0.12687312687312688-0.2667332667332668-0.04695304695304696-0.2577422577422578-0.23476523476523478 0.39674830088621993\n",
      "sto1-0.4645354645354645-0.042957042957042946-0.049950049950049945-0.043956043956043946-0.10889110889110888-0.28971028971028967 0.6259054533119984\n",
      "sto1-0.1781781781781782-0.3633633633633634-0.0930930930930931-0.04504504504504505-0.08808808808808809-0.23223223223223227 0.4237173892681747\n",
      "sto1-0.018-0.358-0.066-0.437-0.089-0.032 0.43491601736590274\n",
      "sto1-0.04304304304304304-0.050050050050050046-0.27727727727727725-0.06806806806806806-0.3643643643643643-0.1971971971971972 0.45651330489094033\n",
      "sto1-0.6796796796796797-0.10910910910910909-0.027027027027027025-0.050050050050050046-0.09709709709709709-0.03703703703703703 0.7992465700680719\n",
      "sto1-0.347-0.029-0.277-0.04-0.03-0.277 0.696514051201374\n",
      "sto1-0.281-0.096-0.134-0.295-0.108-0.086 0.07260548197111373\n",
      "sto1-0.242-0.182-0.053-0.133-0.192-0.198 0.16135904066517542\n",
      "sto1-0.044-0.046-0.063-0.204-0.159-0.484 0.3537164881690674\n",
      "sto1-0.073-0.032-0.459-0.089-0.281-0.066 0.489811795110649\n",
      "sto1-0.141-0.006-0.137-0.096-0.246-0.374 0.5572037526986772\n",
      "sto1-0.037-0.016-0.234-0.052-0.06-0.601 0.8407079409208266\n",
      "sto1-0.078-0.43-0.038-0.006-0.218-0.23 1.0935766807622394\n",
      "sto1-0.050050050050050046-0.02302302302302302-0.3973973973973974-0.22922922922922923-0.11711711711711711-0.18318318318318316 0.3202355959257756\n",
      "sto1-0.06-0.304-0.044-0.454-0.136-0.002 0.6688074158117684\n",
      "sto1-0.221-0.062-0.137-0.3-0.026-0.254 0.21013378626632373\n",
      "sto1-0.038-0.683-0.074-0.045-0.131-0.029 0.8278922893397208\n",
      "sto1-0.5785785785785785-0.04804804804804804-0.02402402402402402-0.016016016016016016-0.038038038038038034-0.29529529529529525 1.1190912996855127\n",
      "sto1-0.2152152152152152-0.3973973973973974-0.02102102102102102-0.018018018018018014-0.15915915915915915-0.18918918918918917 0.8031021840945847\n",
      "Best responding to: sto1-0.281-0.096-0.134-0.295-0.108-0.086 , with ent: 0.07260548197111373\n",
      "{0: (0, 1, 0, 0, 0, 0), 1: [0.044, 0.046, 0.063, 0.204, 0.159, 0.484]}\n",
      "{1: [5], 0: [1]}\n",
      "[0.125, 0.125, 0.125, 0.25, 0.125, 0.25]\n",
      "sto1-0.06693306693306694-0.12687312687312688-0.2667332667332668-0.04695304695304696-0.2577422577422578-0.23476523476523478 0.3248175553053748\n",
      "sto1-0.4645354645354645-0.042957042957042946-0.049950049950049945-0.043956043956043946-0.10889110889110888-0.28971028971028967 0.4990431375733861\n",
      "sto1-0.1781781781781782-0.3633633633633634-0.0930930930930931-0.04504504504504505-0.08808808808808809-0.23223223223223227 0.3497715253659829\n",
      "sto1-0.018-0.358-0.066-0.437-0.089-0.032 0.6073205711015158\n",
      "sto1-0.04304304304304304-0.050050050050050046-0.27727727727727725-0.06806806806806806-0.3643643643643643-0.1971971971971972 0.3989096569019429\n",
      "sto1-0.6796796796796797-0.10910910910910909-0.027027027027027025-0.050050050050050046-0.09709709709709709-0.03703703703703703 0.9078369909436537\n",
      "sto1-0.347-0.029-0.277-0.04-0.03-0.277 0.5664336502841016\n",
      "sto1-0.281-0.096-0.134-0.295-0.108-0.086 0.1667224284493528\n",
      "sto1-0.242-0.182-0.053-0.133-0.192-0.198 0.1401418255015284\n",
      "sto1-0.044-0.046-0.063-0.204-0.159-0.484 0.19672735756467177\n",
      "sto1-0.073-0.032-0.459-0.089-0.281-0.066 0.5648645217248314\n",
      "sto1-0.141-0.006-0.137-0.096-0.246-0.374 0.4070073526908428\n",
      "sto1-0.037-0.016-0.234-0.052-0.06-0.601 0.595781125245139\n",
      "sto1-0.078-0.43-0.038-0.006-0.218-0.23 0.9371057258078768\n",
      "sto1-0.050050050050050046-0.02302302302302302-0.3973973973973974-0.22922922922922923-0.11711711711711711-0.18318318318318316 0.28888135854449476\n",
      "sto1-0.06-0.304-0.044-0.454-0.136-0.002 1.158549135021621\n",
      "sto1-0.221-0.062-0.137-0.3-0.026-0.254 0.15168632336203292\n",
      "sto1-0.038-0.683-0.074-0.045-0.131-0.029 0.9634798181802631\n",
      "sto1-0.5785785785785785-0.04804804804804804-0.02402402402402402-0.016016016016016016-0.038038038038038034-0.29529529529529525 0.9281939488969652\n",
      "sto1-0.2152152152152152-0.3973973973973974-0.02102102102102102-0.018018018018018014-0.15915915915915915-0.18918918918918917 0.707357015414925\n",
      "Best responding to: sto1-0.242-0.182-0.053-0.133-0.192-0.198 , with ent: 0.1401418255015284\n",
      "{0: (0, 1, 0, 0, 0, 0), 1: [0.044, 0.046, 0.063, 0.204, 0.159, 0.484]}\n",
      "{1: [5], 0: [1]}\n",
      "[0.1111111111111111, 0.1111111111111111, 0.1111111111111111, 0.2222222222222222, 0.1111111111111111, 0.3333333333333333]\n",
      "sto1-0.06693306693306694-0.12687312687312688-0.2667332667332668-0.04695304695304696-0.2577422577422578-0.23476523476523478 0.3130848166568011\n",
      "sto1-0.4645354645354645-0.042957042957042946-0.049950049950049945-0.043956043956043946-0.10889110889110888-0.28971028971028967 0.44458584435765997\n",
      "sto1-0.1781781781781782-0.3633633633633634-0.0930930930930931-0.04504504504504505-0.08808808808808809-0.23223223223223227 0.33647147246747305\n",
      "sto1-0.018-0.358-0.066-0.437-0.089-0.032 0.7856263985879652\n",
      "sto1-0.04304304304304304-0.050050050050050046-0.27727727727727725-0.06806806806806806-0.3643643643643643-0.1971971971971972 0.398320216380362\n",
      "sto1-0.6796796796796797-0.10910910910910909-0.027027027027027025-0.050050050050050046-0.09709709709709709-0.03703703703703703 1.036509603983412\n",
      "sto1-0.347-0.029-0.277-0.04-0.03-0.277 0.509473401929418\n",
      "sto1-0.281-0.096-0.134-0.295-0.108-0.086 0.2841378947356225\n",
      "sto1-0.242-0.182-0.053-0.133-0.192-0.198 0.16785294384410887\n",
      "sto1-0.044-0.046-0.063-0.204-0.159-0.484 0.11883809723111449\n",
      "sto1-0.073-0.032-0.459-0.089-0.281-0.066 0.6674522614501681\n",
      "sto1-0.141-0.006-0.137-0.096-0.246-0.374 0.334401327265722\n",
      "sto1-0.037-0.016-0.234-0.052-0.06-0.601 0.4494958876339103\n",
      "sto1-0.078-0.43-0.038-0.006-0.218-0.23 0.8596194909799006\n",
      "sto1-0.050050050050050046-0.02302302302302302-0.3973973973973974-0.22922922922922923-0.11711711711711711-0.18318318318318316 0.3087081262733601\n",
      "sto1-0.06-0.304-0.044-0.454-0.136-0.002 1.5836727578769234\n",
      "sto1-0.221-0.062-0.137-0.3-0.026-0.254 0.1504405823507794\n",
      "sto1-0.038-0.683-0.074-0.045-0.131-0.029 1.1131501818594354\n",
      "sto1-0.5785785785785785-0.04804804804804804-0.02402402402402402-0.016016016016016016-0.038038038038038034-0.29529529529529525 0.8239316284201784\n",
      "sto1-0.2152152152152152-0.3973973973973974-0.02102102102102102-0.018018018018018014-0.15915915915915915-0.18918918918918917 0.6771019476894957\n",
      "Best responding to: sto1-0.044-0.046-0.063-0.204-0.159-0.484 , with ent: 0.11883809723111449\n",
      "{0: (0, 1, 0, 0, 0, 0), 1: [0.044, 0.046, 0.063, 0.204, 0.159, 0.484]}\n",
      "{1: [3], 0: [1]}\n",
      "[0.1, 0.1, 0.1, 0.3, 0.1, 0.3]\n",
      "sto1-0.06693306693306694-0.12687312687312688-0.2667332667332668-0.04695304695304696-0.2577422577422578-0.23476523476523478 0.453508329848633\n",
      "sto1-0.4645354645354645-0.042957042957042946-0.049950049950049945-0.043956043956043946-0.10889110889110888-0.28971028971028967 0.5784550515585856\n",
      "sto1-0.1781781781781782-0.3633633633633634-0.0930930930930931-0.04504504504504505-0.08808808808808809-0.23223223223223227 0.4787048312055448\n",
      "sto1-0.018-0.358-0.066-0.437-0.089-0.032 0.6557172442148191\n",
      "sto1-0.04304304304304304-0.050050050050050046-0.27727727727727725-0.06806806806806806-0.3643643643643643-0.1971971971971972 0.49308417918656616\n",
      "sto1-0.6796796796796797-0.10910910910910909-0.027027027027027025-0.050050050050050046-0.09709709709709709-0.03703703703703703 1.0982030980041073\n",
      "sto1-0.347-0.029-0.277-0.04-0.03-0.277 0.646284921320292\n",
      "sto1-0.281-0.096-0.134-0.295-0.108-0.086 0.24367337462328764\n",
      "sto1-0.242-0.182-0.053-0.133-0.192-0.198 0.21867954163273184\n",
      "sto1-0.044-0.046-0.063-0.204-0.159-0.484 0.1317890931187908\n",
      "sto1-0.073-0.032-0.459-0.089-0.281-0.066 0.7084902033271467\n",
      "sto1-0.141-0.006-0.137-0.096-0.246-0.374 0.40117318038757566\n",
      "sto1-0.037-0.016-0.234-0.052-0.06-0.601 0.5660687320075859\n",
      "sto1-0.078-0.43-0.038-0.006-0.218-0.23 1.1511283999543145\n",
      "sto1-0.050050050050050046-0.02302302302302302-0.3973973973973974-0.22922922922922923-0.11711711711711711-0.18318318318318316 0.2910118682524512\n",
      "sto1-0.06-0.304-0.044-0.454-0.136-0.002 1.3701425672803054\n",
      "sto1-0.221-0.062-0.137-0.3-0.026-0.254 0.12166508164529075\n",
      "sto1-0.038-0.683-0.074-0.045-0.131-0.029 1.1778157196916692\n",
      "sto1-0.5785785785785785-0.04804804804804804-0.02402402402402402-0.016016016016016016-0.038038038038038034-0.29529529529529525 1.0208263483160336\n",
      "sto1-0.2152152152152152-0.3973973973973974-0.02102102102102102-0.018018018018018014-0.15915915915915915-0.18918918918918917 0.8769013320927808\n",
      "Best responding to: sto1-0.221-0.062-0.137-0.3-0.026-0.254 , with ent: 0.12166508164529075\n",
      "{0: (0, 1, 0, 0, 0, 0), 1: [0.044, 0.046, 0.063, 0.204, 0.159, 0.484]}\n",
      "{1: [3], 0: [1]}\n",
      "[0.09090909090909091, 0.09090909090909091, 0.09090909090909091, 0.36363636363636365, 0.09090909090909091, 0.2727272727272727]\n",
      "sto1-0.06693306693306694-0.12687312687312688-0.2667332667332668-0.04695304695304696-0.2577422577422578-0.23476523476523478 0.5901849076113732\n",
      "sto1-0.4645354645354645-0.042957042957042946-0.049950049950049945-0.043956043956043946-0.10889110889110888-0.28971028971028967 0.7097690153287664\n",
      "sto1-0.1781781781781782-0.3633633633633634-0.0930930930930931-0.04504504504504505-0.08808808808808809-0.23223223223223227 0.616862191687936\n",
      "sto1-0.018-0.358-0.066-0.437-0.089-0.032 0.5712125485153047\n",
      "sto1-0.04304304304304304-0.050050050050050046-0.27727727727727725-0.06806806806806806-0.3643643643643643-0.1971971971971972 0.5924029429974295\n",
      "sto1-0.6796796796796797-0.10910910910910909-0.027027027027027025-0.050050050050050046-0.09709709709709709-0.03703703703703703 1.170464205535918\n",
      "sto1-0.347-0.029-0.277-0.04-0.03-0.277 0.7800062314277033\n",
      "sto1-0.281-0.096-0.134-0.295-0.108-0.086 0.23235065240989158\n",
      "sto1-0.242-0.182-0.053-0.133-0.192-0.198 0.28204955224739253\n",
      "sto1-0.044-0.046-0.063-0.204-0.159-0.484 0.1641699749054039\n",
      "sto1-0.073-0.032-0.459-0.089-0.281-0.066 0.7638513136504617\n",
      "sto1-0.141-0.006-0.137-0.096-0.246-0.374 0.477589309002152\n",
      "sto1-0.037-0.016-0.234-0.052-0.06-0.601 0.6832311261918349\n",
      "sto1-0.078-0.43-0.038-0.006-0.218-0.23 1.4114203015391678\n",
      "sto1-0.050050050050050046-0.02302302302302302-0.3973973973973974-0.22922922922922923-0.11711711711711711-0.18318318318318316 0.29831772411385815\n",
      "sto1-0.06-0.304-0.044-0.454-0.136-0.002 1.2172206601252236\n",
      "sto1-0.221-0.062-0.137-0.3-0.026-0.254 0.11990610258295067\n",
      "sto1-0.038-0.683-0.074-0.045-0.131-0.029 1.2525084994329203\n",
      "sto1-0.5785785785785785-0.04804804804804804-0.02402402402402402-0.016016016016016016-0.038038038038038034-0.29529529529529525 1.2037066406547927\n",
      "sto1-0.2152152152152152-0.3973973973973974-0.02102102102102102-0.018018018018018014-0.15915915915915915-0.18918918918918917 1.0621581681194374\n",
      "Best responding to: sto1-0.221-0.062-0.137-0.3-0.026-0.254 , with ent: 0.11990610258295067\n",
      "{0: (0, 1, 0, 0, 0, 0), 1: [0.044, 0.046, 0.063, 0.204, 0.159, 0.484]}\n",
      "{1: [2], 0: [1]}\n",
      "[0.08333333333333333, 0.08333333333333333, 0.16666666666666666, 0.3333333333333333, 0.08333333333333333, 0.25]\n",
      "sto1-0.06693306693306694-0.12687312687312688-0.2667332667332668-0.04695304695304696-0.2577422577422578-0.23476523476523478 0.47981688909050324\n",
      "sto1-0.4645354645354645-0.042957042957042946-0.049950049950049945-0.043956043956043946-0.10889110889110888-0.28971028971028967 0.7290377922457888\n",
      "sto1-0.1781781781781782-0.3633633633633634-0.0930930930930931-0.04504504504504505-0.08808808808808809-0.23223223223223227 0.591991829875713\n",
      "sto1-0.018-0.358-0.066-0.437-0.089-0.032 0.5788084279225023\n",
      "sto1-0.04304304304304304-0.050050050050050046-0.27727727727727725-0.06806806806806806-0.3643643643643643-0.1971971971971972 0.4786193508232417\n",
      "sto1-0.6796796796796797-0.10910910910910909-0.027027027027027025-0.050050050050050046-0.09709709709709709-0.03703703703703703 1.2025238948321069\n",
      "sto1-0.347-0.029-0.277-0.04-0.03-0.277 0.6506724069121246\n",
      "sto1-0.281-0.096-0.134-0.295-0.108-0.086 0.2091696016654997\n",
      "sto1-0.242-0.182-0.053-0.133-0.192-0.198 0.33202258371644117\n",
      "sto1-0.044-0.046-0.063-0.204-0.159-0.484 0.20956273674966744\n",
      "sto1-0.073-0.032-0.459-0.089-0.281-0.066 0.593777673626886\n",
      "sto1-0.141-0.006-0.137-0.096-0.246-0.374 0.4321266097186371\n",
      "sto1-0.037-0.016-0.234-0.052-0.06-0.601 0.5760199263483817\n",
      "sto1-0.078-0.43-0.038-0.006-0.218-0.23 1.3950045833860463\n",
      "sto1-0.050050050050050046-0.02302302302302302-0.3973973973973974-0.22922922922922923-0.11711711711711711-0.18318318318318316 0.1790480023049804\n",
      "sto1-0.06-0.304-0.044-0.454-0.136-0.002 1.2047712892406082\n",
      "sto1-0.221-0.062-0.137-0.3-0.026-0.254 0.10425033716770273\n",
      "sto1-0.038-0.683-0.074-0.045-0.131-0.029 1.1937955203321713\n",
      "sto1-0.5785785785785785-0.04804804804804804-0.02402402402402402-0.016016016016016016-0.038038038038038034-0.29529529529529525 1.2428113799957743\n",
      "sto1-0.2152152152152152-0.3973973973973974-0.02102102102102102-0.018018018018018014-0.15915915915915915-0.18918918918918917 1.1241862295570753\n",
      "Best responding to: sto1-0.221-0.062-0.137-0.3-0.026-0.254 , with ent: 0.10425033716770273\n",
      "{0: (0, 1, 0, 0, 0, 0), 1: [0.044, 0.046, 0.063, 0.204, 0.159, 0.484]}\n",
      "{1: [3], 0: [1]}\n",
      "[0.07692307692307693, 0.07692307692307693, 0.15384615384615385, 0.38461538461538464, 0.07692307692307693, 0.23076923076923078]\n",
      "sto1-0.06693306693306694-0.12687312687312688-0.2667332667332668-0.04695304695304696-0.2577422577422578-0.23476523476523478 0.5994584703721667\n",
      "sto1-0.4645354645354645-0.042957042957042946-0.049950049950049945-0.043956043956043946-0.10889110889110888-0.28971028971028967 0.834582224653338\n",
      "sto1-0.1781781781781782-0.3633633633633634-0.0930930930930931-0.04504504504504505-0.08808808808808809-0.23223223223223227 0.706195731964135\n",
      "sto1-0.018-0.358-0.066-0.437-0.089-0.032 0.5192364220848877\n",
      "sto1-0.04304304304304304-0.050050050050050046-0.27727727727727725-0.06806806806806806-0.3643643643643643-0.1971971971971972 0.5697868885767935\n",
      "sto1-0.6796796796796797-0.10910910910910909-0.027027027027027025-0.050050050050050046-0.09709709709709709-0.03703703703703703 1.2616591368732812\n",
      "sto1-0.347-0.029-0.277-0.04-0.03-0.277 0.7694996135354356\n",
      "sto1-0.281-0.096-0.134-0.295-0.108-0.086 0.20825887775194465\n",
      "sto1-0.242-0.182-0.053-0.133-0.192-0.198 0.3829405710388188\n",
      "sto1-0.044-0.046-0.063-0.204-0.159-0.484 0.23699526109853056\n",
      "sto1-0.073-0.032-0.459-0.089-0.281-0.066 0.6554616354553537\n",
      "sto1-0.141-0.006-0.137-0.096-0.246-0.374 0.5004212824834549\n",
      "sto1-0.037-0.016-0.234-0.052-0.06-0.601 0.6804077649790967\n",
      "sto1-0.078-0.43-0.038-0.006-0.218-0.23 1.602507775271816\n",
      "sto1-0.050050050050050046-0.02302302302302302-0.3973973973973974-0.22922922922922923-0.11711711711711711-0.18318318318318316 0.19985839006931128\n",
      "sto1-0.06-0.304-0.044-0.454-0.136-0.002 1.0941126015365428\n",
      "sto1-0.221-0.062-0.137-0.3-0.026-0.254 0.11011747065271808\n",
      "sto1-0.038-0.683-0.074-0.045-0.131-0.029 1.2617837924111415\n",
      "sto1-0.5785785785785785-0.04804804804804804-0.02402402402402402-0.016016016016016016-0.038038038038038034-0.29529529529529525 1.3864963757311561\n",
      "sto1-0.2152152152152152-0.3973973973973974-0.02102102102102102-0.018018018018018014-0.15915915915915915-0.18918918918918917 1.2679360033526352\n",
      "Best responding to: sto1-0.221-0.062-0.137-0.3-0.026-0.254 , with ent: 0.11011747065271808\n",
      "{0: (0, 1, 0, 0, 0, 0), 1: [0.044, 0.046, 0.063, 0.204, 0.159, 0.484]}\n",
      "{1: [3], 0: [1]}\n",
      "[0.07142857142857142, 0.07142857142857142, 0.14285714285714285, 0.42857142857142855, 0.07142857142857142, 0.21428571428571427]\n",
      "sto1-0.06693306693306694-0.12687312687312688-0.2667332667332668-0.04695304695304696-0.2577422577422578-0.23476523476523478 0.7108909698591079\n",
      "sto1-0.4645354645354645-0.042957042957042946-0.049950049950049945-0.043956043956043946-0.10889110889110888-0.28971028971028967 0.9339314536767527\n",
      "sto1-0.1781781781781782-0.3633633633633634-0.0930930930930931-0.04504504504504505-0.08808808808808809-0.23223223223223227 0.8129673635711552\n",
      "sto1-0.018-0.358-0.066-0.437-0.089-0.032 0.47705727546959076\n",
      "sto1-0.04304304304304304-0.050050050050050046-0.27727727727727725-0.06806806806806806-0.3643643643643643-0.1971971971971972 0.6568130650396389\n",
      "sto1-0.6796796796796797-0.10910910910910909-0.027027027027027025-0.050050050050050046-0.09709709709709709-0.03703703703703703 1.3212290598683745\n",
      "sto1-0.347-0.029-0.277-0.04-0.03-0.277 0.880234077600932\n",
      "sto1-0.281-0.096-0.134-0.295-0.108-0.086 0.21636082992869862\n",
      "sto1-0.242-0.182-0.053-0.133-0.192-0.198 0.43546713284637223\n",
      "sto1-0.044-0.046-0.063-0.204-0.159-0.484 0.2693914260716429\n",
      "sto1-0.073-0.032-0.459-0.089-0.281-0.066 0.717216175410984\n",
      "sto1-0.141-0.006-0.137-0.096-0.246-0.374 0.5678421460988141\n",
      "sto1-0.037-0.016-0.234-0.052-0.06-0.601 0.7787656279080821\n",
      "sto1-0.078-0.43-0.038-0.006-0.218-0.23 1.7892502267051333\n",
      "sto1-0.050050050050050046-0.02302302302302302-0.3973973973973974-0.22922922922922923-0.11711711711711711-0.18318318318318316 0.22657843796996738\n",
      "sto1-0.06-0.304-0.044-0.454-0.136-0.002 1.0081448704642875\n",
      "sto1-0.221-0.062-0.137-0.3-0.026-0.254 0.12402901488538959\n",
      "sto1-0.038-0.683-0.074-0.045-0.131-0.029 1.3289420268672028\n",
      "sto1-0.5785785785785785-0.04804804804804804-0.02402402402402402-0.016016016016016016-0.038038038038038034-0.29529529529529525 1.5185375161784274\n",
      "sto1-0.2152152152152152-0.3973973973973974-0.02102102102102102-0.018018018018018014-0.15915915915915915-0.18918918918918917 1.4000326678514876\n",
      "Best responding to: sto1-0.221-0.062-0.137-0.3-0.026-0.254 , with ent: 0.12402901488538959\n",
      "{0: (0, 1, 0, 0, 0, 0), 1: [0.044, 0.046, 0.063, 0.204, 0.159, 0.484]}\n",
      "{1: [5], 0: [1]}\n",
      "[0.06666666666666667, 0.06666666666666667, 0.13333333333333333, 0.4, 0.06666666666666667, 0.26666666666666666]\n",
      "sto1-0.06693306693306694-0.12687312687312688-0.2667332667332668-0.04695304695304696-0.2577422577422578-0.23476523476523478 0.6651355346502853\n",
      "sto1-0.4645354645354645-0.042957042957042946-0.049950049950049945-0.043956043956043946-0.10889110889110888-0.28971028971028967 0.8592869589576627\n",
